epsilon = 0.040000
delta = 0.150000
n = 12
p = 17.850000
 q = 16.250000
m = 12
2^m = 4096
Map = map.pgm
Number of obstacles = 3248
Number of nodes in RRT = 4096
x_init = 8.000000
y_init = 10.000000

# OBSTACLES
1.300000 1.450000
1.350000 1.450000
1.400000 1.450000
1.450000 1.450000
1.500000 1.450000
7.100009 1.450000
7.150009 1.450000
7.200009 1.450000
7.250010 1.450000
7.450010 1.450000
7.500010 1.450000
7.550011 1.450000
7.600011 1.450000
7.650011 1.450000
7.700011 1.450000
7.750011 1.450000
7.800012 1.450000
7.850012 1.450000
7.900012 1.450000
7.950012 1.450000
8.000012 1.450000
8.050013 1.450000
8.100013 1.450000
8.150013 1.450000
8.200013 1.450000
8.250013 1.450000
8.300014 1.450000
8.350014 1.450000
8.400014 1.450000
8.450014 1.450000
8.500014 1.450000
8.550014 1.450000
8.600015 1.450000
8.650015 1.450000
8.700015 1.450000
8.750015 1.450000
8.800015 1.450000
8.850016 1.450000
8.900016 1.450000
8.950016 1.450000
9.000016 1.450000
9.050016 1.450000
9.100017 1.450000
9.150017 1.450000
9.200017 1.450000
9.250017 1.450000
9.300017 1.450000
9.350018 1.450000
9.400018 1.450000
9.450018 1.450000
9.500018 1.450000
9.550018 1.450000
10.000020 1.450000
10.050020 1.450000
10.100020 1.450000
10.150021 1.450000
10.200021 1.450000
10.250021 1.450000
10.300021 1.450000
10.350021 1.450000
10.400022 1.450000
10.450022 1.450000
10.500022 1.450000
10.550022 1.450000
10.600022 1.450000
10.650023 1.450000
10.700023 1.450000
11.300025 1.450000
11.350025 1.450000
11.400025 1.450000
11.450026 1.450000
11.500026 1.450000
11.550026 1.450000
11.600026 1.450000
11.650026 1.450000
11.700027 1.450000
11.750027 1.450000
11.800027 1.450000
11.850027 1.450000
11.900027 1.450000
12.050028 1.450000
12.100028 1.450000
12.150028 1.450000
12.200028 1.450000
12.250029 1.450000
12.300029 1.450000
12.350029 1.450000
12.400029 1.450000
12.450029 1.450000
12.500030 1.450000
12.550030 1.450000
12.600030 1.450000
12.650030 1.450000
12.700030 1.450000
12.750031 1.450000
12.800031 1.450000
12.850031 1.450000
15.550041 1.450000
15.600041 1.450000
15.650042 1.450000
15.700042 1.450000
15.750042 1.450000
15.800042 1.450000
15.850042 1.450000
15.900043 1.450000
15.950043 1.450000
16.000042 1.450000
16.050041 1.450000
16.100040 1.450000
16.150040 1.450000
16.200039 1.450000
16.250038 1.450000
16.300037 1.450000
16.350037 1.450000
16.400036 1.450000
16.450035 1.450000
16.500034 1.450000
16.550034 1.450000
16.600033 1.450000
1.300000 1.500000
1.500000 1.500000
1.550000 1.500000
1.600000 1.500000
1.649999 1.500000
1.699999 1.500000
1.749999 1.500000
1.799999 1.500000
1.849999 1.500000
1.899999 1.500000
1.949999 1.500000
1.999999 1.500000
2.049999 1.500000
2.099999 1.500000
2.149999 1.500000
2.199999 1.500000
2.249999 1.500000
2.299999 1.500000
2.349999 1.500000
2.399999 1.500000
2.449999 1.500000
2.499999 1.500000
2.549999 1.500000
2.599999 1.500000
2.649999 1.500000
2.699999 1.500000
2.749999 1.500000
2.799999 1.500000
2.849998 1.500000
2.899998 1.500000
2.949998 1.500000
2.999998 1.500000
3.049998 1.500000
3.099998 1.500000
3.149998 1.500000
3.199998 1.500000
3.249998 1.500000
3.299998 1.500000
3.349998 1.500000
3.399998 1.500000
3.449998 1.500000
3.499998 1.500000
3.549998 1.500000
3.599998 1.500000
3.649998 1.500000
3.699998 1.500000
3.749998 1.500000
3.799998 1.500000
3.849998 1.500000
3.899997 1.500000
3.949997 1.500000
3.999997 1.500000
4.049997 1.500000
4.099998 1.500000
4.149998 1.500000
4.199998 1.500000
4.249998 1.500000
4.299998 1.500000
4.349998 1.500000
4.399999 1.500000
4.449999 1.500000
4.499999 1.500000
4.549999 1.500000
4.599999 1.500000
4.650000 1.500000
4.700000 1.500000
4.750000 1.500000
4.800000 1.500000
4.850000 1.500000
4.900001 1.500000
4.950001 1.500000
5.000001 1.500000
5.050001 1.500000
5.100001 1.500000
5.150002 1.500000
5.200002 1.500000
5.250002 1.500000
5.300002 1.500000
5.350002 1.500000
5.400002 1.500000
5.450003 1.500000
5.500003 1.500000
5.550003 1.500000
5.600003 1.500000
5.650003 1.500000
5.700004 1.500000
5.750004 1.500000
5.800004 1.500000
5.850004 1.500000
5.900004 1.500000
5.950005 1.500000
6.000005 1.500000
6.050005 1.500000
6.100005 1.500000
6.150005 1.500000
6.200006 1.500000
6.250006 1.500000
6.300006 1.500000
6.350006 1.500000
7.100009 1.500000
7.250010 1.500000
7.450010 1.500000
7.650011 1.500000
8.000012 1.500000
8.100013 1.500000
8.150013 1.500000
8.400014 1.500000
8.450014 1.500000
8.750015 1.500000
8.850016 1.500000
9.450018 1.500000
9.550018 1.500000
10.000020 1.500000
10.500022 1.500000
10.550022 1.500000
10.700023 1.500000
11.300025 1.500000
11.900027 1.500000
11.950027 1.500000
12.050028 1.500000
12.850031 1.500000
12.900031 1.500000
12.950031 1.500000
13.000031 1.500000
13.050032 1.500000
13.100032 1.500000
13.150032 1.500000
13.200032 1.500000
13.250032 1.500000
13.300033 1.500000
13.350033 1.500000
13.400033 1.500000
13.450033 1.500000
13.500033 1.500000
13.550034 1.500000
13.600034 1.500000
13.650034 1.500000
13.700034 1.500000
13.750034 1.500000
13.800035 1.500000
13.850035 1.500000
13.900035 1.500000
13.950035 1.500000
14.000035 1.500000
14.050035 1.500000
14.100036 1.500000
14.150036 1.500000
14.200036 1.500000
14.250036 1.500000
14.300036 1.500000
14.350037 1.500000
14.400037 1.500000
14.450037 1.500000
14.500037 1.500000
14.550037 1.500000
14.600038 1.500000
14.650038 1.500000
14.700038 1.500000
14.750038 1.500000
14.800038 1.500000
14.850039 1.500000
14.900039 1.500000
14.950039 1.500000
15.000039 1.500000
15.050039 1.500000
15.100039 1.500000
15.150040 1.500000
15.200040 1.500000
15.250040 1.500000
15.300040 1.500000
15.350040 1.500000
15.400041 1.500000
15.450041 1.500000
15.500041 1.500000
15.550041 1.500000
16.600033 1.500000
16.650032 1.500000
1.250000 1.550000
1.300000 1.550000
6.350006 1.550000
6.400006 1.550000
6.450006 1.550000
6.500007 1.550000
6.550007 1.550000
6.600007 1.550000
6.650007 1.550000
6.700007 1.550000
6.750008 1.550000
6.800008 1.550000
6.850008 1.550000
6.900008 1.550000
6.950008 1.550000
7.000009 1.550000
7.050009 1.550000
7.100009 1.550000
7.150009 1.550000
7.200009 1.550000
7.250010 1.550000
7.300010 1.550000
7.350010 1.550000
7.400010 1.550000
7.450010 1.550000
7.500010 1.550000
7.550011 1.550000
7.600011 1.550000
7.650011 1.550000
7.700011 1.550000
7.750011 1.550000
7.800012 1.550000
7.850012 1.550000
7.900012 1.550000
7.950012 1.550000
8.000012 1.550000
8.050013 1.550000
8.100013 1.550000
8.150013 1.550000
8.200013 1.550000
8.250013 1.550000
8.300014 1.550000
8.350014 1.550000
8.400014 1.550000
8.450014 1.550000
8.500014 1.550000
8.550014 1.550000
8.600015 1.550000
8.650015 1.550000
8.700015 1.550000
8.750015 1.550000
8.800015 1.550000
8.850016 1.550000
8.900016 1.550000
8.950016 1.550000
9.000016 1.550000
9.050016 1.550000
9.100017 1.550000
9.150017 1.550000
9.200017 1.550000
9.250017 1.550000
9.300017 1.550000
9.350018 1.550000
9.400018 1.550000
9.450018 1.550000
9.500018 1.550000
9.550018 1.550000
9.600019 1.550000
9.650019 1.550000
9.700019 1.550000
9.750019 1.550000
9.800019 1.550000
9.850019 1.550000
9.900020 1.550000
9.950020 1.550000
10.000020 1.550000
10.050020 1.550000
10.100020 1.550000
10.150021 1.550000
10.200021 1.550000
10.250021 1.550000
10.300021 1.550000
10.350021 1.550000
10.400022 1.550000
10.450022 1.550000
10.500022 1.550000
10.550022 1.550000
10.600022 1.550000
10.650023 1.550000
10.700023 1.550000
10.750023 1.550000
10.800023 1.550000
10.850023 1.550000
10.900023 1.550000
10.950024 1.550000
11.000024 1.550000
11.050024 1.550000
11.100024 1.550000
11.150024 1.550000
11.200025 1.550000
11.250025 1.550000
11.300025 1.550000
11.350025 1.550000
11.450026 1.550000
11.500026 1.550000
11.550026 1.550000
11.650026 1.550000
11.700027 1.550000
11.800027 1.550000
11.850027 1.550000
11.950027 1.550000
12.050028 1.550000
12.200028 1.550000
12.250029 1.550000
12.300029 1.550000
12.500030 1.550000
12.750031 1.550000
12.800031 1.550000
12.900031 1.550000
13.000031 1.550000
13.050032 1.550000
13.250032 1.550000
13.550034 1.550000
14.000035 1.550000
15.600041 1.550000
16.350037 1.550000
16.650032 1.550000
1.250000 1.600000
10.950024 1.600000
11.000024 1.600000
11.100024 1.600000
11.150024 1.600000
11.250025 1.600000
11.300025 1.600000
11.350025 1.600000
11.400025 1.600000
11.450026 1.600000
11.500026 1.600000
11.550026 1.600000
11.600026 1.600000
11.650026 1.600000
11.700027 1.600000
11.750027 1.600000
11.800027 1.600000
11.850027 1.600000
11.900027 1.600000
11.950027 1.600000
12.000028 1.600000
12.050028 1.600000
12.100028 1.600000
12.150028 1.600000
12.200028 1.600000
12.250029 1.600000
12.300029 1.600000
12.350029 1.600000
12.400029 1.600000
12.450029 1.600000
12.500030 1.600000
12.550030 1.600000
12.600030 1.600000
12.650030 1.600000
12.700030 1.600000
12.750031 1.600000
12.800031 1.600000
12.850031 1.600000
12.900031 1.600000
12.950031 1.600000
13.000031 1.600000
13.050032 1.600000
13.100032 1.600000
13.150032 1.600000
13.200032 1.600000
13.250032 1.600000
13.300033 1.600000
13.350033 1.600000
13.400033 1.600000
13.450033 1.600000
13.500033 1.600000
13.550034 1.600000
13.600034 1.600000
13.650034 1.600000
13.700034 1.600000
13.750034 1.600000
13.800035 1.600000
13.850035 1.600000
13.900035 1.600000
13.950035 1.600000
14.000035 1.600000
14.050035 1.600000
14.100036 1.600000
14.150036 1.600000
14.200036 1.600000
14.250036 1.600000
14.300036 1.600000
14.350037 1.600000
14.400037 1.600000
14.450037 1.600000
14.500037 1.600000
14.550037 1.600000
14.600038 1.600000
14.650038 1.600000
14.700038 1.600000
14.750038 1.600000
14.800038 1.600000
14.850039 1.600000
14.900039 1.600000
14.950039 1.600000
15.000039 1.600000
15.050039 1.600000
15.100039 1.600000
15.150040 1.600000
15.200040 1.600000
15.250040 1.600000
15.300040 1.600000
15.350040 1.600000
15.400041 1.600000
15.450041 1.600000
15.500041 1.600000
15.550041 1.600000
15.600041 1.600000
15.650042 1.600000
15.700042 1.600000
15.750042 1.600000
15.800042 1.600000
15.850042 1.600000
15.900043 1.600000
15.950043 1.600000
16.000042 1.600000
16.050041 1.600000
16.100040 1.600000
16.150040 1.600000
16.200039 1.600000
16.250038 1.600000
16.300037 1.600000
16.350037 1.600000
16.400036 1.600000
16.450035 1.600000
16.500034 1.600000
16.600033 1.600000
16.650032 1.600000
1.250000 1.649999
1.300000 1.649999
15.350040 1.649999
15.450041 1.649999
16.050041 1.649999
16.100040 1.649999
16.250038 1.649999
16.350037 1.649999
16.400036 1.649999
16.500034 1.649999
16.550034 1.649999
16.600033 1.649999
16.650032 1.649999
16.700031 1.649999
1.250000 1.699999
16.700031 1.699999
1.250000 1.749999
1.300000 1.749999
16.700031 1.749999
1.150000 1.799999
1.200000 1.799999
1.250000 1.799999
1.300000 1.799999
16.700031 1.799999
1.150000 1.849999
1.250000 1.849999
16.700031 1.849999
1.150000 1.899999
1.250000 1.899999
16.700031 1.899999
1.150000 1.949999
1.250000 1.949999
16.700031 1.949999
1.150000 1.999999
1.200000 1.999999
1.250000 1.999999
16.700031 1.999999
1.150000 2.049999
1.250000 2.049999
16.700031 2.049999
1.150000 2.099999
1.200000 2.099999
1.250000 2.099999
16.700031 2.099999
1.150000 2.149999
1.250000 2.149999
16.700031 2.149999
1.150000 2.199999
1.200000 2.199999
1.250000 2.199999
16.700031 2.199999
1.150000 2.249999
1.250000 2.249999
16.700031 2.249999
1.150000 2.299999
1.250000 2.299999
16.700031 2.299999
1.150000 2.349999
1.250000 2.349999
16.700031 2.349999
1.150000 2.399999
1.200000 2.399999
1.250000 2.399999
16.700031 2.399999
1.250000 2.449999
16.700031 2.449999
1.150000 2.499999
1.200000 2.499999
1.250000 2.499999
16.700031 2.499999
1.150000 2.549999
1.250000 2.549999
16.700031 2.549999
1.150000 2.599999
1.250000 2.599999
16.700031 2.599999
1.150000 2.649999
1.250000 2.649999
16.700031 2.649999
1.150000 2.699999
1.200000 2.699999
1.250000 2.699999
16.700031 2.699999
1.150000 2.749999
1.250000 2.749999
16.700031 2.749999
1.150000 2.799999
1.200000 2.799999
1.250000 2.799999
16.700031 2.799999
1.250000 2.849998
16.700031 2.849998
1.150000 2.899998
1.200000 2.899998
1.250000 2.899998
16.700031 2.899998
1.150000 2.949998
1.250000 2.949998
16.700031 2.949998
1.150000 2.999998
1.200000 2.999998
1.250000 2.999998
16.700031 2.999998
1.150000 3.049998
1.250000 3.049998
9.600019 3.049998
9.650019 3.049998
9.700019 3.049998
9.750019 3.049998
9.800019 3.049998
9.850019 3.049998
9.900020 3.049998
9.950020 3.049998
10.000020 3.049998
10.050020 3.049998
10.100020 3.049998
10.150021 3.049998
10.200021 3.049998
10.250021 3.049998
10.300021 3.049998
10.350021 3.049998
10.400022 3.049998
10.450022 3.049998
10.500022 3.049998
10.550022 3.049998
10.600022 3.049998
10.650023 3.049998
10.700023 3.049998
10.750023 3.049998
10.800023 3.049998
10.850023 3.049998
10.900023 3.049998
10.950024 3.049998
11.000024 3.049998
11.050024 3.049998
11.100024 3.049998
11.150024 3.049998
11.200025 3.049998
11.250025 3.049998
11.300025 3.049998
11.350025 3.049998
11.400025 3.049998
11.450026 3.049998
11.500026 3.049998
11.550026 3.049998
11.600026 3.049998
11.650026 3.049998
11.700027 3.049998
11.750027 3.049998
11.800027 3.049998
11.850027 3.049998
12.050028 3.049998
12.150028 3.049998
12.200028 3.049998
12.250029 3.049998
12.300029 3.049998
12.350029 3.049998
12.400029 3.049998
12.450029 3.049998
16.700031 3.049998
1.150000 3.099998
1.200000 3.099998
1.250000 3.099998
2.699999 3.099998
2.749999 3.099998
2.799999 3.099998
2.849998 3.099998
2.899998 3.099998
2.949998 3.099998
2.999998 3.099998
3.049998 3.099998
3.099998 3.099998
3.149998 3.099998
3.199998 3.099998
3.249998 3.099998
3.299998 3.099998
3.349998 3.099998
3.399998 3.099998
3.449998 3.099998
3.499998 3.099998
3.549998 3.099998
3.599998 3.099998
3.649998 3.099998
3.699998 3.099998
3.749998 3.099998
3.799998 3.099998
3.849998 3.099998
3.899997 3.099998
3.949997 3.099998
3.999997 3.099998
4.049997 3.099998
4.099998 3.099998
4.149998 3.099998
4.199998 3.099998
4.249998 3.099998
4.299998 3.099998
4.349998 3.099998
4.399999 3.099998
4.449999 3.099998
4.499999 3.099998
4.549999 3.099998
4.599999 3.099998
4.650000 3.099998
4.700000 3.099998
4.750000 3.099998
4.800000 3.099998
4.850000 3.099998
4.900001 3.099998
4.950001 3.099998
5.000001 3.099998
5.050001 3.099998
5.100001 3.099998
5.150002 3.099998
5.200002 3.099998
5.250002 3.099998
5.300002 3.099998
5.350002 3.099998
5.400002 3.099998
5.450003 3.099998
5.500003 3.099998
5.550003 3.099998
5.600003 3.099998
5.650003 3.099998
5.700004 3.099998
5.750004 3.099998
5.800004 3.099998
5.850004 3.099998
5.900004 3.099998
5.950005 3.099998
6.000005 3.099998
6.050005 3.099998
6.100005 3.099998
6.150005 3.099998
6.200006 3.099998
6.250006 3.099998
6.300006 3.099998
6.350006 3.099998
9.600019 3.099998
9.650019 3.099998
9.750019 3.099998
10.000020 3.099998
10.100020 3.099998
10.200021 3.099998
10.350021 3.099998
10.550022 3.099998
10.650023 3.099998
10.850023 3.099998
10.950024 3.099998
11.150024 3.099998
11.250025 3.099998
11.350025 3.099998
11.450026 3.099998
11.550026 3.099998
11.650026 3.099998
11.750027 3.099998
11.800027 3.099998
11.900027 3.099998
11.950027 3.099998
12.000028 3.099998
12.100028 3.099998
12.150028 3.099998
12.200028 3.099998
12.300029 3.099998
12.450029 3.099998
12.500030 3.099998
12.550030 3.099998
12.600030 3.099998
12.650030 3.099998
12.700030 3.099998
12.750031 3.099998
12.800031 3.099998
12.850031 3.099998
12.900031 3.099998
12.950031 3.099998
16.700031 3.099998
1.150000 3.149998
1.250000 3.149998
2.699999 3.149998
2.749999 3.149998
3.299998 3.149998
3.349998 3.149998
3.399998 3.149998
3.699998 3.149998
3.899997 3.149998
4.599999 3.149998
4.950001 3.149998
5.250002 3.149998
5.300002 3.149998
5.500003 3.149998
5.550003 3.149998
5.600003 3.149998
5.650003 3.149998
5.700004 3.149998
5.750004 3.149998
6.100005 3.149998
6.150005 3.149998
6.200006 3.149998
6.250006 3.149998
6.300006 3.149998
6.350006 3.149998
6.400006 3.149998
6.450006 3.149998
6.500007 3.149998
6.550007 3.149998
6.600007 3.149998
9.600019 3.149998
9.650019 3.149998
9.700019 3.149998
9.750019 3.149998
9.800019 3.149998
9.850019 3.149998
9.900020 3.149998
9.950020 3.149998
10.000020 3.149998
10.050020 3.149998
10.100020 3.149998
10.150021 3.149998
10.200021 3.149998
10.250021 3.149998
10.300021 3.149998
10.350021 3.149998
10.400022 3.149998
10.450022 3.149998
10.500022 3.149998
10.550022 3.149998
10.600022 3.149998
10.650023 3.149998
10.700023 3.149998
10.750023 3.149998
10.800023 3.149998
10.850023 3.149998
10.950024 3.149998
11.000024 3.149998
11.050024 3.149998
11.100024 3.149998
11.150024 3.149998
11.200025 3.149998
11.250025 3.149998
11.350025 3.149998
11.400025 3.149998
11.450026 3.149998
11.500026 3.149998
11.550026 3.149998
11.600026 3.149998
11.650026 3.149998
11.700027 3.149998
11.750027 3.149998
11.800027 3.149998
11.850027 3.149998
11.900027 3.149998
12.000028 3.149998
12.050028 3.149998
12.100028 3.149998
12.200028 3.149998
12.250029 3.149998
12.300029 3.149998
12.950031 3.149998
16.700031 3.149998
1.150000 3.199998
1.200000 3.199998
1.250000 3.199998
2.699999 3.199998
2.749999 3.199998
2.799999 3.199998
2.849998 3.199998
2.899998 3.199998
3.349998 3.199998
3.949997 3.199998
3.999997 3.199998
4.049997 3.199998
4.099998 3.199998
4.149998 3.199998
4.199998 3.199998
4.249998 3.199998
4.299998 3.199998
4.349998 3.199998
4.399999 3.199998
4.449999 3.199998
4.499999 3.199998
4.549999 3.199998
4.599999 3.199998
4.650000 3.199998
4.700000 3.199998
4.750000 3.199998
4.800000 3.199998
4.850000 3.199998
4.900001 3.199998
4.950001 3.199998
5.000001 3.199998
5.050001 3.199998
5.250002 3.199998
5.750004 3.199998
6.100005 3.199998
6.500007 3.199998
6.550007 3.199998
6.600007 3.199998
9.600019 3.199998
12.950031 3.199998
16.700031 3.199998
1.250000 3.249998
2.699999 3.249998
2.899998 3.249998
2.949998 3.249998
2.999998 3.249998
3.049998 3.249998
3.099998 3.249998
3.149998 3.249998
3.199998 3.249998
3.249998 3.249998
3.299998 3.249998
3.349998 3.249998
3.399998 3.249998
3.449998 3.249998
3.499998 3.249998
3.549998 3.249998
3.599998 3.249998
3.649998 3.249998
3.699998 3.249998
3.749998 3.249998
3.799998 3.249998
3.849998 3.249998
3.899997 3.249998
3.949997 3.249998
5.050001 3.249998
5.100001 3.249998
5.150002 3.249998
5.200002 3.249998
5.250002 3.249998
5.300002 3.249998
5.350002 3.249998
5.400002 3.249998
5.450003 3.249998
5.500003 3.249998
5.550003 3.249998
5.600003 3.249998
5.650003 3.249998
5.700004 3.249998
5.750004 3.249998
6.100005 3.249998
6.150005 3.249998
6.200006 3.249998
6.250006 3.249998
6.300006 3.249998
6.350006 3.249998
6.400006 3.249998
6.450006 3.249998
6.500007 3.249998
6.600007 3.249998
9.600019 3.249998
12.950031 3.249998
16.700031 3.249998
1.250000 3.299998
2.699999 3.299998
6.500007 3.299998
6.550007 3.299998
6.600007 3.299998
9.600019 3.299998
12.950031 3.299998
16.700031 3.299998
1.250000 3.349998
2.699999 3.349998
6.500007 3.349998
6.600007 3.349998
9.600019 3.349998
12.950031 3.349998
16.700031 3.349998
1.250000 3.399998
2.699999 3.399998
6.500007 3.399998
6.600007 3.399998
9.600019 3.399998
12.950031 3.399998
16.700031 3.399998
1.150000 3.449998
1.200000 3.449998
1.250000 3.449998
2.699999 3.449998
6.500007 3.449998
6.600007 3.449998
9.600019 3.449998
12.950031 3.449998
16.700031 3.449998
1.150000 3.499998
1.250000 3.499998
2.699999 3.499998
6.500007 3.499998
6.550007 3.499998
6.600007 3.499998
9.550018 3.499998
9.600019 3.499998
12.950031 3.499998
16.700031 3.499998
1.150000 3.549998
1.200000 3.549998
1.250000 3.549998
2.649999 3.549998
2.699999 3.549998
6.500007 3.549998
6.600007 3.549998
9.550018 3.549998
12.950031 3.549998
16.700031 3.549998
1.150000 3.599998
1.250000 3.599998
2.649999 3.599998
6.500007 3.599998
6.550007 3.599998
6.600007 3.599998
9.550018 3.599998
12.950031 3.599998
16.700031 3.599998
1.150000 3.649998
1.250000 3.649998
2.649999 3.649998
6.500007 3.649998
6.600007 3.649998
9.550018 3.649998
12.950031 3.649998
16.700031 3.649998
1.150000 3.699998
1.250000 3.699998
2.649999 3.699998
6.500007 3.699998
6.600007 3.699998
9.550018 3.699998
12.950031 3.699998
16.700031 3.699998
1.150000 3.749998
1.200000 3.749998
1.250000 3.749998
2.649999 3.749998
6.500007 3.749998
6.550007 3.749998
6.600007 3.749998
9.550018 3.749998
12.950031 3.749998
16.700031 3.749998
1.150000 3.799998
1.200000 3.799998
1.250000 3.799998
2.649999 3.799998
6.600007 3.799998
9.550018 3.799998
12.950031 3.799998
16.700031 3.799998
1.150000 3.849998
1.250000 3.849998
2.649999 3.849998
6.600007 3.849998
9.550018 3.849998
12.950031 3.849998
16.700031 3.849998
1.150000 3.899997
1.200000 3.899997
1.250000 3.899997
2.649999 3.899997
6.600007 3.899997
9.550018 3.899997
12.950031 3.899997
16.700031 3.899997
1.150000 3.949997
1.250000 3.949997
2.649999 3.949997
6.600007 3.949997
9.550018 3.949997
12.950031 3.949997
16.700031 3.949997
1.150000 3.999997
1.200000 3.999997
1.250000 3.999997
2.649999 3.999997
6.600007 3.999997
9.550018 3.999997
12.950031 3.999997
16.700031 3.999997
1.150000 4.049997
1.200000 4.049997
1.250000 4.049997
2.649999 4.049997
2.699999 4.049997
2.749999 4.049997
2.799999 4.049997
2.849998 4.049997
2.899998 4.049997
2.949998 4.049997
2.999998 4.049997
3.049998 4.049997
3.099998 4.049997
3.149998 4.049997
3.199998 4.049997
3.249998 4.049997
3.299998 4.049997
3.349998 4.049997
3.399998 4.049997
3.449998 4.049997
3.499998 4.049997
3.549998 4.049997
3.599998 4.049997
3.649998 4.049997
3.699998 4.049997
3.749998 4.049997
3.799998 4.049997
3.849998 4.049997
3.899997 4.049997
3.949997 4.049997
3.999997 4.049997
4.049997 4.049997
4.099998 4.049997
4.149998 4.049997
4.199998 4.049997
4.249998 4.049997
4.299998 4.049997
4.349998 4.049997
4.399999 4.049997
4.449999 4.049997
4.499999 4.049997
4.549999 4.049997
4.599999 4.049997
4.650000 4.049997
4.700000 4.049997
4.750000 4.049997
4.800000 4.049997
4.850000 4.049997
4.900001 4.049997
4.950001 4.049997
5.000001 4.049997
5.050001 4.049997
5.100001 4.049997
5.150002 4.049997
5.200002 4.049997
5.250002 4.049997
5.300002 4.049997
5.350002 4.049997
5.400002 4.049997
5.450003 4.049997
5.500003 4.049997
5.550003 4.049997
6.550007 4.049997
6.600007 4.049997
9.550018 4.049997
12.950031 4.049997
16.700031 4.049997
1.150000 4.099998
1.250000 4.099998
5.450003 4.099998
5.550003 4.099998
5.600003 4.099998
5.650003 4.099998
5.700004 4.099998
5.750004 4.099998
5.800004 4.099998
5.850004 4.099998
5.900004 4.099998
5.950005 4.099998
6.000005 4.099998
6.050005 4.099998
6.100005 4.099998
6.150005 4.099998
6.200006 4.099998
6.250006 4.099998
6.300006 4.099998
6.350006 4.099998
6.400006 4.099998
6.450006 4.099998
6.500007 4.099998
6.550007 4.099998
9.550018 4.099998
12.950031 4.099998
16.700031 4.099998
1.150000 4.149998
1.200000 4.149998
1.250000 4.149998
9.550018 4.149998
12.950031 4.149998
16.700031 4.149998
1.150000 4.199998
1.200000 4.199998
1.250000 4.199998
9.550018 4.199998
12.950031 4.199998
16.700031 4.199998
1.150000 4.249998
1.250000 4.249998
9.550018 4.249998
12.950031 4.249998
16.700031 4.249998
1.150000 4.299998
1.200000 4.299998
1.250000 4.299998
9.550018 4.299998
12.950031 4.299998
16.700031 4.299998
1.250000 4.349998
9.550018 4.349998
12.950031 4.349998
16.700031 4.349998
1.250000 4.399999
9.550018 4.399999
12.950031 4.399999
16.700031 4.399999
1.250000 4.449999
9.550018 4.449999
12.950031 4.449999
16.700031 4.449999
1.250000 4.499999
9.550018 4.499999
12.950031 4.499999
16.700031 4.499999
1.150000 4.549999
1.200000 4.549999
1.250000 4.549999
9.550018 4.549999
12.950031 4.549999
16.700031 4.549999
1.150000 4.599999
1.250000 4.599999
9.550018 4.599999
12.950031 4.599999
16.700031 4.599999
1.150000 4.650000
1.200000 4.650000
1.250000 4.650000
9.550018 4.650000
12.950031 4.650000
16.700031 4.650000
1.250000 4.700000
9.550018 4.700000
12.950031 4.700000
16.700031 4.700000
1.250000 4.750000
9.550018 4.750000
12.950031 4.750000
16.700031 4.750000
1.150000 4.800000
1.200000 4.800000
1.250000 4.800000
9.550018 4.800000
12.950031 4.800000
16.700031 4.800000
1.150000 4.850000
1.250000 4.850000
9.550018 4.850000
12.950031 4.850000
16.700031 4.850000
1.150000 4.900001
1.200000 4.900001
1.250000 4.900001
9.550018 4.900001
12.950031 4.900001
16.700031 4.900001
1.250000 4.950001
9.550018 4.950001
12.950031 4.950001
16.700031 4.950001
1.250000 5.000001
9.550018 5.000001
12.950031 5.000001
16.700031 5.000001
1.250000 5.050001
9.550018 5.050001
12.950031 5.050001
13.000031 5.050001
13.050032 5.050001
13.100032 5.050001
13.150032 5.050001
13.200032 5.050001
13.250032 5.050001
13.300033 5.050001
13.350033 5.050001
13.400033 5.050001
13.450033 5.050001
13.500033 5.050001
13.550034 5.050001
13.600034 5.050001
13.650034 5.050001
13.700034 5.050001
13.750034 5.050001
13.800035 5.050001
13.850035 5.050001
13.900035 5.050001
13.950035 5.050001
14.000035 5.050001
14.050035 5.050001
14.100036 5.050001
14.150036 5.050001
14.200036 5.050001
14.250036 5.050001
14.300036 5.050001
14.350037 5.050001
14.400037 5.050001
14.450037 5.050001
14.500037 5.050001
14.550037 5.050001
14.600038 5.050001
14.650038 5.050001
14.700038 5.050001
14.750038 5.050001
14.800038 5.050001
14.850039 5.050001
14.900039 5.050001
14.950039 5.050001
15.050039 5.050001
16.700031 5.050001
1.250000 5.100001
9.550018 5.100001
14.950039 5.100001
15.000039 5.100001
15.050039 5.100001
16.700031 5.100001
1.250000 5.150002
9.550018 5.150002
15.050039 5.150002
16.700031 5.150002
1.250000 5.200002
9.550018 5.200002
15.050039 5.200002
16.700031 5.200002
1.250000 5.250002
9.550018 5.250002
15.050039 5.250002
16.700031 5.250002
1.250000 5.300002
9.550018 5.300002
15.050039 5.300002
16.700031 5.300002
1.250000 5.350002
9.550018 5.350002
14.950039 5.350002
15.000039 5.350002
15.050039 5.350002
16.700031 5.350002
1.250000 5.400002
9.550018 5.400002
14.950039 5.400002
15.050039 5.400002
16.700031 5.400002
1.250000 5.450003
9.550018 5.450003
14.950039 5.450003
15.050039 5.450003
16.700031 5.450003
1.250000 5.500003
9.550018 5.500003
14.950039 5.500003
15.050039 5.500003
16.700031 5.500003
1.250000 5.550003
9.550018 5.550003
14.950039 5.550003
15.050039 5.550003
16.700031 5.550003
1.250000 5.600003
9.550018 5.600003
14.950039 5.600003
15.050039 5.600003
16.700031 5.600003
1.250000 5.650003
9.550018 5.650003
14.950039 5.650003
15.050039 5.650003
16.700031 5.650003
1.250000 5.700004
9.550018 5.700004
14.950039 5.700004
15.050039 5.700004
16.700031 5.700004
1.250000 5.750004
9.550018 5.750004
14.950039 5.750004
15.000039 5.750004
15.050039 5.750004
16.700031 5.750004
1.250000 5.800004
9.550018 5.800004
15.050039 5.800004
16.700031 5.800004
1.250000 5.850004
9.550018 5.850004
15.050039 5.850004
16.700031 5.850004
1.250000 5.900004
9.550018 5.900004
15.050039 5.900004
16.700031 5.900004
1.250000 5.950005
9.550018 5.950005
15.050039 5.950005
16.700031 5.950005
1.250000 6.000005
9.550018 6.000005
12.950031 6.000005
13.000031 6.000005
13.050032 6.000005
13.100032 6.000005
13.150032 6.000005
13.200032 6.000005
13.250032 6.000005
13.300033 6.000005
13.350033 6.000005
13.400033 6.000005
13.450033 6.000005
13.500033 6.000005
13.550034 6.000005
13.600034 6.000005
13.650034 6.000005
13.700034 6.000005
13.750034 6.000005
13.800035 6.000005
13.850035 6.000005
13.900035 6.000005
13.950035 6.000005
14.000035 6.000005
14.050035 6.000005
14.100036 6.000005
14.150036 6.000005
14.200036 6.000005
14.250036 6.000005
14.300036 6.000005
14.350037 6.000005
14.400037 6.000005
14.450037 6.000005
14.500037 6.000005
14.550037 6.000005
14.600038 6.000005
14.650038 6.000005
14.700038 6.000005
14.750038 6.000005
14.800038 6.000005
14.850039 6.000005
14.900039 6.000005
14.950039 6.000005
15.000039 6.000005
15.050039 6.000005
16.700031 6.000005
1.250000 6.050005
9.550018 6.050005
12.950031 6.050005
16.700031 6.050005
1.250000 6.100005
9.550018 6.100005
12.950031 6.100005
16.700031 6.100005
1.250000 6.150005
9.550018 6.150005
12.950031 6.150005
16.700031 6.150005
1.250000 6.200006
9.550018 6.200006
12.950031 6.200006
16.700031 6.200006
1.250000 6.250006
9.550018 6.250006
12.950031 6.250006
16.700031 6.250006
1.250000 6.300006
9.550018 6.300006
12.950031 6.300006
16.650032 6.300006
16.700031 6.300006
1.250000 6.350006
9.550018 6.350006
12.900031 6.350006
12.950031 6.350006
16.700031 6.350006
1.250000 6.400006
9.550018 6.400006
12.900031 6.400006
16.700031 6.400006
1.250000 6.450006
9.550018 6.450006
12.900031 6.450006
12.950031 6.450006
16.700031 6.450006
1.250000 6.500007
9.550018 6.500007
12.950031 6.500007
16.700031 6.500007
1.250000 6.550007
9.550018 6.550007
12.950031 6.550007
16.700031 6.550007
1.250000 6.600007
9.550018 6.600007
12.950031 6.600007
16.650032 6.600007
16.700031 6.600007
1.250000 6.650007
9.550018 6.650007
12.950031 6.650007
16.700031 6.650007
1.250000 6.700007
9.550018 6.700007
12.950031 6.700007
16.650032 6.700007
16.700031 6.700007
1.250000 6.750008
9.550018 6.750008
12.950031 6.750008
16.700031 6.750008
1.250000 6.800008
9.550018 6.800008
12.950031 6.800008
16.650032 6.800008
16.700031 6.800008
1.250000 6.850008
9.550018 6.850008
12.950031 6.850008
16.650032 6.850008
1.200000 6.900008
1.250000 6.900008
9.550018 6.900008
12.950031 6.900008
16.650032 6.900008
1.200000 6.950008
9.550018 6.950008
12.950031 6.950008
16.650032 6.950008
1.200000 7.000009
9.550018 7.000009
12.950031 7.000009
16.650032 7.000009
1.200000 7.050009
9.550018 7.050009
12.950031 7.050009
16.650032 7.050009
1.200000 7.100009
9.550018 7.100009
12.950031 7.100009
16.650032 7.100009
1.200000 7.150009
9.550018 7.150009
12.950031 7.150009
16.650032 7.150009
1.200000 7.200009
9.550018 7.200009
12.950031 7.200009
16.650032 7.200009
1.200000 7.250010
9.550018 7.250010
12.950031 7.250010
16.650032 7.250010
1.200000 7.300010
9.550018 7.300010
12.950031 7.300010
16.650032 7.300010
1.200000 7.350010
9.550018 7.350010
12.950031 7.350010
16.650032 7.350010
1.200000 7.400010
9.550018 7.400010
12.950031 7.400010
16.650032 7.400010
1.200000 7.450010
9.550018 7.450010
12.900031 7.450010
12.950031 7.450010
16.650032 7.450010
1.200000 7.500010
9.550018 7.500010
12.900031 7.500010
16.650032 7.500010
1.200000 7.550011
9.550018 7.550011
12.900031 7.550011
16.650032 7.550011
1.200000 7.600011
9.550018 7.600011
12.900031 7.600011
12.950031 7.600011
16.650032 7.600011
1.200000 7.650011
9.550018 7.650011
12.900031 7.650011
16.650032 7.650011
1.200000 7.700011
9.550018 7.700011
12.900031 7.700011
16.650032 7.700011
1.200000 7.750011
9.550018 7.750011
12.900031 7.750011
16.650032 7.750011
1.200000 7.800012
9.550018 7.800012
12.900031 7.800012
16.650032 7.800012
1.200000 7.850012
9.550018 7.850012
12.900031 7.850012
16.650032 7.850012
1.200000 7.900012
9.550018 7.900012
12.900031 7.900012
16.650032 7.900012
1.200000 7.950012
9.550018 7.950012
12.900031 7.950012
16.650032 7.950012
1.200000 8.000012
9.550018 8.000012
12.900031 8.000012
16.650032 8.000012
1.200000 8.050013
9.500018 8.050013
9.550018 8.050013
12.900031 8.050013
16.650032 8.050013
1.200000 8.100013
9.500018 8.100013
12.900031 8.100013
16.650032 8.100013
1.200000 8.150013
9.500018 8.150013
12.900031 8.150013
16.650032 8.150013
1.200000 8.200013
9.500018 8.200013
12.900031 8.200013
16.650032 8.200013
1.200000 8.250013
9.500018 8.250013
12.900031 8.250013
16.650032 8.250013
1.200000 8.300014
9.500018 8.300014
12.900031 8.300014
16.650032 8.300014
1.200000 8.350014
9.500018 8.350014
12.900031 8.350014
16.650032 8.350014
1.200000 8.400014
9.500018 8.400014
12.900031 8.400014
16.650032 8.400014
1.200000 8.450014
9.500018 8.450014
12.900031 8.450014
16.650032 8.450014
1.200000 8.500014
9.500018 8.500014
12.900031 8.500014
16.650032 8.500014
1.200000 8.550014
9.500018 8.550014
12.900031 8.550014
16.650032 8.550014
1.200000 8.600015
9.500018 8.600015
12.900031 8.600015
16.650032 8.600015
1.200000 8.650015
9.500018 8.650015
12.900031 8.650015
16.650032 8.650015
1.200000 8.700015
9.500018 8.700015
12.900031 8.700015
16.650032 8.700015
1.200000 8.750015
9.500018 8.750015
12.900031 8.750015
16.650032 8.750015
1.200000 8.800015
9.500018 8.800015
12.900031 8.800015
16.650032 8.800015
1.200000 8.850016
9.500018 8.850016
12.900031 8.850016
16.650032 8.850016
1.200000 8.900016
9.500018 8.900016
12.900031 8.900016
16.650032 8.900016
1.200000 8.950016
9.500018 8.950016
12.900031 8.950016
16.650032 8.950016
16.700031 8.950016
16.750031 8.950016
1.200000 9.000016
9.500018 9.000016
12.900031 9.000016
16.650032 9.000016
16.750031 9.000016
1.200000 9.050016
9.500018 9.050016
12.900031 9.050016
16.650032 9.050016
16.700031 9.050016
16.750031 9.050016
1.200000 9.100017
9.500018 9.100017
12.900031 9.100017
16.650032 9.100017
16.700031 9.100017
16.750031 9.100017
1.200000 9.150017
9.500018 9.150017
12.900031 9.150017
16.650032 9.150017
16.750031 9.150017
1.200000 9.200017
9.500018 9.200017
12.900031 9.200017
16.650032 9.200017
16.750031 9.200017
1.200000 9.250017
9.500018 9.250017
12.900031 9.250017
16.650032 9.250017
16.700031 9.250017
16.750031 9.250017
1.100000 9.300017
1.150000 9.300017
1.200000 9.300017
9.500018 9.300017
12.900031 9.300017
16.650032 9.300017
16.750031 9.300017
1.100000 9.350018
1.200000 9.350018
9.500018 9.350018
12.900031 9.350018
16.650032 9.350018
16.750031 9.350018
1.100000 9.400018
1.150000 9.400018
1.200000 9.400018
9.500018 9.400018
12.900031 9.400018
16.650032 9.400018
16.700031 9.400018
16.750031 9.400018
1.200000 9.450018
9.500018 9.450018
12.900031 9.450018
16.650032 9.450018
1.200000 9.500018
9.500018 9.500018
12.900031 9.500018
16.650032 9.500018
1.200000 9.550018
9.500018 9.550018
12.900031 9.550018
16.650032 9.550018
16.700031 9.550018
16.750031 9.550018
1.200000 9.600019
3.299998 9.600019
3.349998 9.600019
3.399998 9.600019
3.449998 9.600019
3.499998 9.600019
3.549998 9.600019
3.599998 9.600019
3.649998 9.600019
3.699998 9.600019
3.749998 9.600019
3.799998 9.600019
3.849998 9.600019
3.899997 9.600019
3.949997 9.600019
3.999997 9.600019
4.049997 9.600019
4.099998 9.600019
4.149998 9.600019
4.199998 9.600019
4.249998 9.600019
4.299998 9.600019
4.349998 9.600019
4.399999 9.600019
4.449999 9.600019
4.499999 9.600019
4.549999 9.600019
4.599999 9.600019
4.650000 9.600019
4.700000 9.600019
4.750000 9.600019
4.800000 9.600019
9.500018 9.600019
12.900031 9.600019
16.650032 9.600019
16.750031 9.600019
1.200000 9.650019
3.299998 9.650019
4.800000 9.650019
4.850000 9.650019
4.900001 9.650019
4.950001 9.650019
5.000001 9.650019
5.050001 9.650019
5.100001 9.650019
5.150002 9.650019
5.200002 9.650019
5.250002 9.650019
5.300002 9.650019
5.350002 9.650019
5.400002 9.650019
5.450003 9.650019
5.500003 9.650019
5.550003 9.650019
5.600003 9.650019
5.650003 9.650019
5.700004 9.650019
5.750004 9.650019
5.800004 9.650019
5.850004 9.650019
5.900004 9.650019
5.950005 9.650019
6.000005 9.650019
6.050005 9.650019
6.100005 9.650019
6.150005 9.650019
6.200006 9.650019
6.250006 9.650019
6.300006 9.650019
9.500018 9.650019
12.900031 9.650019
16.650032 9.650019
16.700031 9.650019
16.750031 9.650019
1.200000 9.700019
3.299998 9.700019
6.300006 9.700019
9.500018 9.700019
9.550018 9.700019
9.600019 9.700019
12.900031 9.700019
16.650032 9.700019
16.700031 9.700019
16.750031 9.700019
1.200000 9.750019
3.299998 9.750019
6.300006 9.750019
9.500018 9.750019
9.600019 9.750019
12.900031 9.750019
16.650032 9.750019
16.750031 9.750019
1.200000 9.800019
3.299998 9.800019
6.300006 9.800019
9.500018 9.800019
9.550018 9.800019
9.600019 9.800019
12.900031 9.800019
16.650032 9.800019
16.750031 9.800019
1.200000 9.850019
3.299998 9.850019
6.300006 9.850019
9.500018 9.850019
9.600019 9.850019
12.900031 9.850019
16.650032 9.850019
16.750031 9.850019
1.200000 9.900020
3.299998 9.900020
6.300006 9.900020
9.500018 9.900020
9.550018 9.900020
9.600019 9.900020
12.900031 9.900020
16.650032 9.900020
16.750031 9.900020
1.200000 9.950020
3.299998 9.950020
6.300006 9.950020
9.500018 9.950020
9.550018 9.950020
9.600019 9.950020
12.900031 9.950020
16.650032 9.950020
16.700031 9.950020
16.750031 9.950020
1.200000 10.000020
3.299998 10.000020
6.300006 10.000020
9.500018 10.000020
9.600019 10.000020
12.900031 10.000020
16.650032 10.000020
16.750031 10.000020
1.200000 10.050020
3.299998 10.050020
6.300006 10.050020
9.500018 10.050020
9.550018 10.050020
9.600019 10.050020
12.900031 10.050020
16.650032 10.050020
16.700031 10.050020
16.750031 10.050020
1.200000 10.100020
3.299998 10.100020
6.300006 10.100020
9.500018 10.100020
12.900031 10.100020
16.650032 10.100020
16.750031 10.100020
1.200000 10.150021
3.299998 10.150021
6.300006 10.150021
9.500018 10.150021
9.550018 10.150021
9.600019 10.150021
12.900031 10.150021
16.650032 10.150021
16.700031 10.150021
16.750031 10.150021
1.200000 10.200021
3.299998 10.200021
6.300006 10.200021
9.600019 10.200021
9.650019 10.200021
9.700019 10.200021
9.750019 10.200021
9.800019 10.200021
9.850019 10.200021
9.900020 10.200021
9.950020 10.200021
10.000020 10.200021
10.050020 10.200021
10.100020 10.200021
10.150021 10.200021
10.200021 10.200021
10.250021 10.200021
10.300021 10.200021
10.350021 10.200021
10.400022 10.200021
10.450022 10.200021
10.500022 10.200021
10.550022 10.200021
10.600022 10.200021
10.650023 10.200021
10.700023 10.200021
10.750023 10.200021
10.800023 10.200021
10.850023 10.200021
10.900023 10.200021
10.950024 10.200021
11.000024 10.200021
11.050024 10.200021
11.100024 10.200021
11.150024 10.200021
11.200025 10.200021
11.250025 10.200021
11.300025 10.200021
11.350025 10.200021
11.400025 10.200021
11.450026 10.200021
11.500026 10.200021
11.550026 10.200021
11.600026 10.200021
11.650026 10.200021
11.700027 10.200021
11.750027 10.200021
11.800027 10.200021
11.850027 10.200021
11.900027 10.200021
11.950027 10.200021
12.000028 10.200021
12.050028 10.200021
12.100028 10.200021
12.150028 10.200021
12.200028 10.200021
12.250029 10.200021
12.300029 10.200021
12.350029 10.200021
12.400029 10.200021
12.450029 10.200021
12.500030 10.200021
12.550030 10.200021
12.600030 10.200021
12.650030 10.200021
12.700030 10.200021
12.750031 10.200021
12.800031 10.200021
12.850031 10.200021
12.900031 10.200021
16.650032 10.200021
1.200000 10.250021
3.299998 10.250021
6.300006 10.250021
16.650032 10.250021
1.200000 10.300021
3.299998 10.300021
6.300006 10.300021
16.650032 10.300021
16.700031 10.300021
16.750031 10.300021
1.200000 10.350021
3.299998 10.350021
6.300006 10.350021
16.650032 10.350021
16.750031 10.350021
1.200000 10.400022
3.299998 10.400022
6.300006 10.400022
16.650032 10.400022
16.700031 10.400022
16.750031 10.400022
1.200000 10.450022
3.299998 10.450022
6.300006 10.450022
16.650032 10.450022
16.700031 10.450022
16.750031 10.450022
1.200000 10.500022
3.299998 10.500022
6.300006 10.500022
16.650032 10.500022
16.750031 10.500022
1.200000 10.550022
3.299998 10.550022
6.300006 10.550022
16.650032 10.550022
16.750031 10.550022
1.200000 10.600022
3.299998 10.600022
6.300006 10.600022
16.650032 10.600022
16.700031 10.600022
16.750031 10.600022
1.200000 10.650023
3.299998 10.650023
6.300006 10.650023
16.650032 10.650023
16.750031 10.650023
1.200000 10.700023
3.299998 10.700023
6.300006 10.700023
16.650032 10.700023
16.700031 10.700023
16.750031 10.700023
1.200000 10.750023
3.299998 10.750023
6.300006 10.750023
16.650032 10.750023
1.200000 10.800023
3.299998 10.800023
6.300006 10.800023
16.650032 10.800023
1.200000 10.850023
3.299998 10.850023
6.300006 10.850023
16.650032 10.850023
1.200000 10.900023
3.299998 10.900023
6.300006 10.900023
16.650032 10.900023
16.700031 10.900023
16.750031 10.900023
1.200000 10.950024
3.249998 10.950024
3.299998 10.950024
6.300006 10.950024
16.650032 10.950024
16.750031 10.950024
1.200000 11.000024
3.299998 11.000024
6.300006 11.000024
16.650032 11.000024
16.700031 11.000024
16.750031 11.000024
1.200000 11.050024
3.249998 11.050024
3.299998 11.050024
6.300006 11.050024
16.650032 11.050024
1.200000 11.100024
3.249998 11.100024
6.300006 11.100024
16.650032 11.100024
16.700031 11.100024
16.750031 11.100024
1.200000 11.150024
3.249998 11.150024
6.300006 11.150024
16.650032 11.150024
16.750031 11.150024
1.200000 11.200025
3.249998 11.200025
6.300006 11.200025
16.650032 11.200025
16.750031 11.200025
1.200000 11.250025
3.249998 11.250025
6.300006 11.250025
16.650032 11.250025
16.750031 11.250025
1.200000 11.300025
3.249998 11.300025
6.300006 11.300025
16.600033 11.300025
16.650032 11.300025
16.700031 11.300025
16.750031 11.300025
1.200000 11.350025
3.249998 11.350025
6.300006 11.350025
16.650032 11.350025
1.150000 11.400025
1.200000 11.400025
3.249998 11.400025
6.300006 11.400025
16.600033 11.400025
16.650032 11.400025
16.700031 11.400025
16.750031 11.400025
1.150000 11.450026
3.249998 11.450026
6.300006 11.450026
16.650032 11.450026
16.750031 11.450026
1.150000 11.500026
3.249998 11.500026
6.300006 11.500026
16.600033 11.500026
16.650032 11.500026
16.750031 11.500026
1.150000 11.550026
3.249998 11.550026
6.300006 11.550026
16.600033 11.550026
16.650032 11.550026
16.750031 11.550026
1.150000 11.600026
3.249998 11.600026
6.300006 11.600026
16.600033 11.600026
16.650032 11.600026
16.750031 11.600026
1.150000 11.650026
3.249998 11.650026
6.300006 11.650026
16.600033 11.650026
16.650032 11.650026
16.700031 11.650026
16.750031 11.650026
1.150000 11.700027
3.249998 11.700027
6.300006 11.700027
16.600033 11.700027
1.150000 11.750027
3.249998 11.750027
3.299998 11.750027
3.349998 11.750027
6.300006 11.750027
13.000031 11.750027
13.050032 11.750027
13.100032 11.750027
13.150032 11.750027
13.200032 11.750027
13.250032 11.750027
13.300033 11.750027
13.350033 11.750027
13.400033 11.750027
13.450033 11.750027
13.500033 11.750027
13.550034 11.750027
13.600034 11.750027
13.800035 11.750027
13.850035 11.750027
13.900035 11.750027
13.950035 11.750027
14.100036 11.750027
14.150036 11.750027
14.200036 11.750027
14.300036 11.750027
14.400037 11.750027
14.450037 11.750027
14.500037 11.750027
14.550037 11.750027
14.600038 11.750027
16.600033 11.750027
1.150000 11.800027
3.249998 11.800027
3.349998 11.800027
6.300006 11.800027
13.000031 11.800027
13.600034 11.800027
13.650034 11.800027
13.700034 11.800027
13.750034 11.800027
13.800035 11.800027
13.950035 11.800027
14.000035 11.800027
14.050035 11.800027
14.100036 11.800027
14.200036 11.800027
14.250036 11.800027
14.300036 11.800027
14.350037 11.800027
14.400037 11.800027
14.600038 11.800027
14.650038 11.800027
14.700038 11.800027
14.750038 11.800027
14.800038 11.800027
14.850039 11.800027
14.900039 11.800027
14.950039 11.800027
15.000039 11.800027
15.050039 11.800027
15.100039 11.800027
15.150040 11.800027
16.600033 11.800027
1.150000 11.850027
3.249998 11.850027
3.349998 11.850027
6.300006 11.850027
13.000031 11.850027
15.050039 11.850027
15.100039 11.850027
15.150040 11.850027
16.600033 11.850027
1.150000 11.900027
3.249998 11.900027
3.349998 11.900027
6.300006 11.900027
12.950031 11.900027
13.000031 11.900027
15.050039 11.900027
15.150040 11.900027
16.600033 11.900027
16.650032 11.900027
16.700031 11.900027
16.750031 11.900027
1.150000 11.950027
3.249998 11.950027
3.349998 11.950027
6.300006 11.950027
12.950031 11.950027
15.050039 11.950027
15.100039 11.950027
15.150040 11.950027
16.600033 11.950027
16.650032 11.950027
16.750031 11.950027
1.150000 12.000028
3.249998 12.000028
3.349998 12.000028
6.300006 12.000028
12.950031 12.000028
15.050039 12.000028
15.100039 12.000028
15.150040 12.000028
16.600033 12.000028
16.650032 12.000028
16.750031 12.000028
1.150000 12.050028
3.249998 12.050028
3.299998 12.050028
3.349998 12.050028
6.300006 12.050028
12.950031 12.050028
15.050039 12.050028
15.150040 12.050028
16.600033 12.050028
16.650032 12.050028
16.700031 12.050028
16.750031 12.050028
1.150000 12.100028
3.249998 12.100028
3.349998 12.100028
6.300006 12.100028
12.950031 12.100028
15.050039 12.100028
15.100039 12.100028
15.150040 12.100028
16.600033 12.100028
1.150000 12.150028
3.249998 12.150028
3.299998 12.150028
3.349998 12.150028
6.300006 12.150028
12.950031 12.150028
15.050039 12.150028
15.100039 12.150028
15.150040 12.150028
16.600033 12.150028
1.150000 12.200028
3.249998 12.200028
3.299998 12.200028
3.349998 12.200028
3.399998 12.200028
3.449998 12.200028
3.499998 12.200028
3.549998 12.200028
3.599998 12.200028
3.649998 12.200028
3.699998 12.200028
3.749998 12.200028
3.799998 12.200028
3.849998 12.200028
3.899997 12.200028
3.949997 12.200028
3.999997 12.200028
4.049997 12.200028
4.099998 12.200028
4.149998 12.200028
4.199998 12.200028
4.249998 12.200028
4.299998 12.200028
4.349998 12.200028
4.399999 12.200028
4.449999 12.200028
4.499999 12.200028
4.549999 12.200028
4.599999 12.200028
4.650000 12.200028
4.700000 12.200028
4.750000 12.200028
4.800000 12.200028
4.850000 12.200028
4.900001 12.200028
4.950001 12.200028
5.000001 12.200028
5.050001 12.200028
5.100001 12.200028
5.150002 12.200028
5.200002 12.200028
5.250002 12.200028
5.300002 12.200028
5.350002 12.200028
5.400002 12.200028
5.450003 12.200028
5.500003 12.200028
5.550003 12.200028
5.600003 12.200028
5.650003 12.200028
5.700004 12.200028
5.750004 12.200028
5.800004 12.200028
5.850004 12.200028
5.900004 12.200028
5.950005 12.200028
6.000005 12.200028
6.050005 12.200028
6.100005 12.200028
6.150005 12.200028
6.200006 12.200028
6.250006 12.200028
6.300006 12.200028
12.950031 12.200028
15.050039 12.200028
15.150040 12.200028
16.600033 12.200028
1.150000 12.250029
6.250006 12.250029
6.300006 12.250029
12.950031 12.250029
15.050039 12.250029
15.100039 12.250029
15.150040 12.250029
16.600033 12.250029
1.150000 12.300029
12.950031 12.300029
15.150040 12.300029
16.600033 12.300029
16.650032 12.300029
16.700031 12.300029
16.750031 12.300029
1.150000 12.350029
12.950031 12.350029
15.150040 12.350029
16.600033 12.350029
16.650032 12.350029
16.750031 12.350029
1.150000 12.400029
12.950031 12.400029
15.050039 12.400029
15.100039 12.400029
15.150040 12.400029
16.600033 12.400029
16.650032 12.400029
16.750031 12.400029
1.150000 12.450029
12.950031 12.450029
15.050039 12.450029
15.150040 12.450029
16.600033 12.450029
16.700031 12.450029
16.750031 12.450029
1.150000 12.500030
12.950031 12.500030
15.050039 12.500030
15.100039 12.500030
15.150040 12.500030
16.600033 12.500030
16.650032 12.500030
16.750031 12.500030
1.150000 12.550030
12.950031 12.550030
15.150040 12.550030
16.600033 12.550030
16.650032 12.550030
16.750031 12.550030
1.150000 12.600030
12.950031 12.600030
15.150040 12.600030
16.600033 12.600030
16.650032 12.600030
16.750031 12.600030
1.150000 12.650030
12.950031 12.650030
15.050039 12.650030
15.100039 12.650030
15.150040 12.650030
16.600033 12.650030
16.650032 12.650030
16.750031 12.650030
1.150000 12.700030
12.950031 12.700030
15.050039 12.700030
15.150040 12.700030
16.600033 12.700030
16.700031 12.700030
16.750031 12.700030
1.150000 12.750031
12.950031 12.750031
15.050039 12.750031
15.100039 12.750031
15.150040 12.750031
16.600033 12.750031
16.650032 12.750031
16.750031 12.750031
1.150000 12.800031
12.950031 12.800031
15.150040 12.800031
16.600033 12.800031
16.750031 12.800031
1.150000 12.850031
12.950031 12.850031
15.150040 12.850031
16.600033 12.850031
16.700031 12.850031
16.750031 12.850031
1.150000 12.900031
12.950031 12.900031
15.150040 12.900031
16.600033 12.900031
16.700031 12.900031
1.150000 12.950031
12.950031 12.950031
15.150040 12.950031
16.600033 12.950031
16.700031 12.950031
1.150000 13.000031
12.950031 13.000031
15.150040 13.000031
16.600033 13.000031
16.700031 13.000031
1.150000 13.050032
12.950031 13.050032
15.150040 13.050032
16.600033 13.050032
16.700031 13.050032
1.150000 13.100032
12.950031 13.100032
15.100039 13.100032
15.150040 13.100032
16.600033 13.100032
16.700031 13.100032
1.150000 13.150032
12.950031 13.150032
15.100039 13.150032
16.600033 13.150032
16.700031 13.150032
1.150000 13.200032
12.950031 13.200032
15.100039 13.200032
16.600033 13.200032
16.700031 13.200032
16.750031 13.200032
1.150000 13.250032
12.950031 13.250032
15.100039 13.250032
16.600033 13.250032
16.750031 13.250032
1.150000 13.300033
12.950031 13.300033
15.100039 13.300033
16.600033 13.300033
16.650032 13.300033
16.750031 13.300033
1.150000 13.350033
12.950031 13.350033
15.100039 13.350033
16.600033 13.350033
16.700031 13.350033
16.750031 13.350033
1.150000 13.400033
12.950031 13.400033
15.100039 13.400033
16.600033 13.400033
16.700031 13.400033
1.150000 13.450033
12.950031 13.450033
15.100039 13.450033
16.600033 13.450033
16.700031 13.450033
1.150000 13.500033
12.950031 13.500033
15.100039 13.500033
16.600033 13.500033
16.700031 13.500033
1.150000 13.550034
12.950031 13.550034
15.100039 13.550034
16.600033 13.550034
16.700031 13.550034
1.150000 13.600034
12.950031 13.600034
15.100039 13.600034
16.600033 13.600034
16.700031 13.600034
1.150000 13.650034
12.950031 13.650034
15.100039 13.650034
16.600033 13.650034
16.650032 13.650034
16.700031 13.650034
1.150000 13.700034
12.950031 13.700034
15.100039 13.700034
16.600033 13.700034
16.650032 13.700034
16.700031 13.700034
16.750031 13.700034
1.150000 13.750034
12.950031 13.750034
15.100039 13.750034
16.600033 13.750034
16.650032 13.750034
16.750031 13.750034
1.150000 13.800035
12.950031 13.800035
13.000031 13.800035
13.050032 13.800035
13.100032 13.800035
13.150032 13.800035
13.200032 13.800035
13.250032 13.800035
13.300033 13.800035
13.350033 13.800035
13.400033 13.800035
13.450033 13.800035
13.500033 13.800035
13.550034 13.800035
13.600034 13.800035
13.650034 13.800035
13.700034 13.800035
13.750034 13.800035
13.800035 13.800035
13.850035 13.800035
13.900035 13.800035
13.950035 13.800035
14.000035 13.800035
14.050035 13.800035
15.100039 13.800035
16.600033 13.800035
16.650032 13.800035
16.750031 13.800035
1.150000 13.850035
14.050035 13.850035
14.100036 13.850035
14.150036 13.850035
14.200036 13.850035
14.250036 13.850035
14.300036 13.850035
14.350037 13.850035
14.400037 13.850035
14.450037 13.850035
14.500037 13.850035
14.550037 13.850035
14.600038 13.850035
14.650038 13.850035
14.700038 13.850035
14.750038 13.850035
14.800038 13.850035
14.850039 13.850035
14.900039 13.850035
14.950039 13.850035
15.000039 13.850035
15.050039 13.850035
15.100039 13.850035
16.600033 13.850035
16.750031 13.850035
1.150000 13.900035
16.600033 13.900035
16.750031 13.900035
1.150000 13.950035
16.600033 13.950035
16.750031 13.950035
1.150000 14.000035
16.600033 14.000035
16.750031 14.000035
1.150000 14.050035
16.600033 14.050035
16.750031 14.050035
1.150000 14.100036
16.600033 14.100036
16.700031 14.100036
16.750031 14.100036
1.150000 14.150036
16.600033 14.150036
16.700031 14.150036
1.150000 14.200036
16.600033 14.200036
16.650032 14.200036
16.700031 14.200036
1.150000 14.250036
16.600033 14.250036
1.150000 14.300036
16.600033 14.300036
16.650032 14.300036
16.700031 14.300036
1.150000 14.350037
16.600033 14.350037
16.700031 14.350037
1.150000 14.400037
16.600033 14.400037
16.700031 14.400037
1.150000 14.450037
16.600033 14.450037
16.700031 14.450037
1.150000 14.500037
16.600033 14.500037
16.700031 14.500037
1.150000 14.550037
16.600033 14.550037
16.700031 14.550037
1.150000 14.600038
16.600033 14.600038
16.700031 14.600038
1.150000 14.650038
16.600033 14.650038
16.700031 14.650038
1.150000 14.700038
16.600033 14.700038
16.700031 14.700038
1.150000 14.750038
16.600033 14.750038
16.700031 14.750038
1.150000 14.800038
16.600033 14.800038
16.700031 14.800038
1.150000 14.850039
16.600033 14.850039
16.700031 14.850039
1.150000 14.900039
1.200000 14.900039
1.250000 14.900039
1.300000 14.900039
1.350000 14.900039
1.400000 14.900039
1.450000 14.900039
1.500000 14.900039
1.550000 14.900039
1.600000 14.900039
1.649999 14.900039
1.699999 14.900039
1.749999 14.900039
1.799999 14.900039
1.849999 14.900039
1.899999 14.900039
1.949999 14.900039
1.999999 14.900039
2.049999 14.900039
2.099999 14.900039
2.149999 14.900039
2.199999 14.900039
2.249999 14.900039
2.299999 14.900039
2.349999 14.900039
2.399999 14.900039
2.449999 14.900039
2.499999 14.900039
2.549999 14.900039
2.599999 14.900039
2.649999 14.900039
2.699999 14.900039
2.749999 14.900039
2.799999 14.900039
2.849998 14.900039
2.899998 14.900039
2.949998 14.900039
2.999998 14.900039
3.049998 14.900039
3.099998 14.900039
3.149998 14.900039
3.199998 14.900039
3.249998 14.900039
3.299998 14.900039
16.600033 14.900039
16.700031 14.900039
1.150000 14.950039
1.200000 14.950039
1.250000 14.950039
1.300000 14.950039
1.350000 14.950039
1.400000 14.950039
1.450000 14.950039
1.500000 14.950039
1.550000 14.950039
1.600000 14.950039
1.649999 14.950039
1.699999 14.950039
1.749999 14.950039
1.799999 14.950039
1.849999 14.950039
1.899999 14.950039
1.949999 14.950039
1.999999 14.950039
2.049999 14.950039
2.099999 14.950039
2.199999 14.950039
2.249999 14.950039
2.299999 14.950039
2.349999 14.950039
2.399999 14.950039
2.449999 14.950039
2.499999 14.950039
2.549999 14.950039
2.599999 14.950039
2.649999 14.950039
2.699999 14.950039
2.749999 14.950039
2.799999 14.950039
2.849998 14.950039
2.899998 14.950039
2.949998 14.950039
2.999998 14.950039
3.049998 14.950039
3.099998 14.950039
3.149998 14.950039
3.199998 14.950039
3.249998 14.950039
3.299998 14.950039
3.349998 14.950039
3.399998 14.950039
3.449998 14.950039
3.499998 14.950039
3.549998 14.950039
3.599998 14.950039
3.649998 14.950039
3.699998 14.950039
3.749998 14.950039
3.799998 14.950039
3.849998 14.950039
3.899997 14.950039
3.949997 14.950039
3.999997 14.950039
4.049997 14.950039
4.099998 14.950039
4.149998 14.950039
4.199998 14.950039
4.249998 14.950039
4.299998 14.950039
4.349998 14.950039
4.399999 14.950039
4.449999 14.950039
4.499999 14.950039
4.549999 14.950039
4.599999 14.950039
4.650000 14.950039
4.700000 14.950039
4.750000 14.950039
4.800000 14.950039
4.850000 14.950039
4.900001 14.950039
4.950001 14.950039
5.000001 14.950039
5.050001 14.950039
5.100001 14.950039
5.150002 14.950039
5.200002 14.950039
5.250002 14.950039
5.300002 14.950039
5.350002 14.950039
5.400002 14.950039
5.450003 14.950039
5.500003 14.950039
5.550003 14.950039
5.600003 14.950039
5.650003 14.950039
5.700004 14.950039
5.750004 14.950039
5.800004 14.950039
5.850004 14.950039
5.900004 14.950039
5.950005 14.950039
6.000005 14.950039
6.050005 14.950039
6.100005 14.950039
6.150005 14.950039
6.200006 14.950039
6.250006 14.950039
6.300006 14.950039
6.350006 14.950039
6.400006 14.950039
6.450006 14.950039
6.500007 14.950039
6.550007 14.950039
6.600007 14.950039
6.650007 14.950039
6.700007 14.950039
6.750008 14.950039
6.800008 14.950039
6.850008 14.950039
6.900008 14.950039
6.950008 14.950039
7.000009 14.950039
7.050009 14.950039
7.100009 14.950039
7.150009 14.950039
7.200009 14.950039
7.250010 14.950039
7.300010 14.950039
7.350010 14.950039
7.400010 14.950039
7.450010 14.950039
7.500010 14.950039
7.550011 14.950039
7.600011 14.950039
7.650011 14.950039
16.600033 14.950039
16.700031 14.950039
1.150000 15.000039
1.450000 15.000039
1.749999 15.000039
2.099999 15.000039
2.199999 15.000039
2.599999 15.000039
3.099998 15.000039
3.299998 15.000039
3.399998 15.000039
3.649998 15.000039
3.749998 15.000039
3.849998 15.000039
3.949997 15.000039
4.049997 15.000039
4.149998 15.000039
4.249998 15.000039
4.299998 15.000039
4.349998 15.000039
4.399999 15.000039
4.449999 15.000039
4.549999 15.000039
4.599999 15.000039
4.650000 15.000039
4.750000 15.000039
4.800000 15.000039
4.850000 15.000039
4.900001 15.000039
4.950001 15.000039
5.000001 15.000039
5.050001 15.000039
5.100001 15.000039
5.150002 15.000039
5.200002 15.000039
5.250002 15.000039
5.300002 15.000039
5.350002 15.000039
5.400002 15.000039
5.700004 15.000039
5.800004 15.000039
7.250010 15.000039
7.300010 15.000039
7.350010 15.000039
7.400010 15.000039
7.450010 15.000039
7.500010 15.000039
7.550011 15.000039
7.600011 15.000039
7.650011 15.000039
7.700011 15.000039
7.750011 15.000039
7.800012 15.000039
7.850012 15.000039
7.900012 15.000039
7.950012 15.000039
8.000012 15.000039
8.050013 15.000039
8.100013 15.000039
8.150013 15.000039
8.200013 15.000039
8.250013 15.000039
8.300014 15.000039
8.350014 15.000039
8.400014 15.000039
8.450014 15.000039
8.500014 15.000039
8.550014 15.000039
8.600015 15.000039
8.650015 15.000039
8.700015 15.000039
8.750015 15.000039
8.800015 15.000039
8.850016 15.000039
8.900016 15.000039
8.950016 15.000039
9.000016 15.000039
9.050016 15.000039
9.100017 15.000039
9.150017 15.000039
9.200017 15.000039
9.250017 15.000039
9.300017 15.000039
9.350018 15.000039
9.400018 15.000039
9.450018 15.000039
9.500018 15.000039
9.550018 15.000039
9.600019 15.000039
9.650019 15.000039
9.700019 15.000039
9.750019 15.000039
9.800019 15.000039
9.850019 15.000039
9.900020 15.000039
9.950020 15.000039
10.000020 15.000039
10.050020 15.000039
10.100020 15.000039
10.150021 15.000039
10.200021 15.000039
10.250021 15.000039
10.300021 15.000039
10.350021 15.000039
10.400022 15.000039
10.450022 15.000039
10.500022 15.000039
10.550022 15.000039
10.600022 15.000039
10.650023 15.000039
10.700023 15.000039
10.750023 15.000039
10.800023 15.000039
10.850023 15.000039
10.900023 15.000039
10.950024 15.000039
11.000024 15.000039
11.050024 15.000039
11.100024 15.000039
11.150024 15.000039
11.200025 15.000039
11.250025 15.000039
11.300025 15.000039
11.350025 15.000039
11.400025 15.000039
11.450026 15.000039
11.500026 15.000039
11.550026 15.000039
11.600026 15.000039
11.650026 15.000039
11.700027 15.000039
11.750027 15.000039
11.800027 15.000039
11.850027 15.000039
11.900027 15.000039
11.950027 15.000039
12.000028 15.000039
12.050028 15.000039
12.100028 15.000039
12.150028 15.000039
12.250029 15.000039
12.300029 15.000039
12.350029 15.000039
12.400029 15.000039
12.450029 15.000039
12.500030 15.000039
12.700030 15.000039
12.750031 15.000039
12.850031 15.000039
13.150032 15.000039
16.600033 15.000039
16.650032 15.000039
16.700031 15.000039
1.150000 15.050039
1.200000 15.050039
1.250000 15.050039
1.300000 15.050039
1.350000 15.050039
1.400000 15.050039
1.450000 15.050039
1.500000 15.050039
1.550000 15.050039
1.600000 15.050039
1.649999 15.050039
1.699999 15.050039
1.749999 15.050039
1.799999 15.050039
1.849999 15.050039
1.899999 15.050039
1.949999 15.050039
1.999999 15.050039
2.049999 15.050039
2.099999 15.050039
2.199999 15.050039
2.249999 15.050039
2.299999 15.050039
2.349999 15.050039
2.399999 15.050039
2.449999 15.050039
2.499999 15.050039
2.549999 15.050039
2.599999 15.050039
2.649999 15.050039
2.699999 15.050039
2.749999 15.050039
2.799999 15.050039
2.849998 15.050039
2.899998 15.050039
2.949998 15.050039
2.999998 15.050039
3.049998 15.050039
3.099998 15.050039
3.149998 15.050039
3.199998 15.050039
3.249998 15.050039
3.299998 15.050039
3.349998 15.050039
3.399998 15.050039
3.649998 15.050039
3.699998 15.050039
3.749998 15.050039
3.799998 15.050039
3.849998 15.050039
3.949997 15.050039
3.999997 15.050039
4.049997 15.050039
4.149998 15.050039
4.199998 15.050039
4.249998 15.050039
5.400002 15.050039
5.700004 15.050039
5.750004 15.050039
5.800004 15.050039
7.250010 15.050039
7.450010 15.050039
7.500010 15.050039
7.600011 15.050039
7.850012 15.050039
8.200013 15.050039
8.350014 15.050039
8.450014 15.050039
8.600015 15.050039
8.700015 15.050039
8.800015 15.050039
8.900016 15.050039
9.000016 15.050039
9.100017 15.050039
9.200017 15.050039
9.300017 15.050039
10.600022 15.050039
10.700023 15.050039
12.150028 15.050039
12.200028 15.050039
12.250029 15.050039
12.500030 15.050039
12.550030 15.050039
12.600030 15.050039
12.650030 15.050039
12.700030 15.050039
12.750031 15.050039
12.800031 15.050039
12.850031 15.050039
12.900031 15.050039
12.950031 15.050039
13.000031 15.050039
13.050032 15.050039
13.100032 15.050039
13.150032 15.050039
13.200032 15.050039
13.250032 15.050039
13.300033 15.050039
13.350033 15.050039
13.400033 15.050039
13.450033 15.050039
13.500033 15.050039
13.550034 15.050039
13.600034 15.050039
13.650034 15.050039
13.700034 15.050039
13.750034 15.050039
13.800035 15.050039
13.850035 15.050039
13.900035 15.050039
13.950035 15.050039
14.000035 15.050039
14.050035 15.050039
14.100036 15.050039
14.150036 15.050039
14.200036 15.050039
14.250036 15.050039
14.300036 15.050039
14.350037 15.050039
14.400037 15.050039
14.450037 15.050039
14.500037 15.050039
14.550037 15.050039
14.600038 15.050039
14.650038 15.050039
14.700038 15.050039
14.750038 15.050039
14.800038 15.050039
14.850039 15.050039
14.900039 15.050039
14.950039 15.050039
15.000039 15.050039
15.050039 15.050039
15.100039 15.050039
15.150040 15.050039
15.200040 15.050039
15.250040 15.050039
15.300040 15.050039
15.350040 15.050039
15.400041 15.050039
15.450041 15.050039
15.500041 15.050039
15.550041 15.050039
15.600041 15.050039
15.650042 15.050039
15.700042 15.050039
15.750042 15.050039
15.800042 15.050039
15.850042 15.050039
15.900043 15.050039
15.950043 15.050039
16.000042 15.050039
16.050041 15.050039
16.100040 15.050039
16.150040 15.050039
16.200039 15.050039
16.250038 15.050039
16.300037 15.050039
16.350037 15.050039
16.400036 15.050039
16.450035 15.050039
16.500034 15.050039
16.550034 15.050039
16.600033 15.050039
4.249998 15.100039
4.299998 15.100039
4.349998 15.100039
4.399999 15.100039
4.449999 15.100039
4.499999 15.100039
4.549999 15.100039
4.599999 15.100039
4.650000 15.100039
4.700000 15.100039
4.750000 15.100039
4.800000 15.100039
4.850000 15.100039
4.900001 15.100039
4.950001 15.100039
5.000001 15.100039
5.050001 15.100039
5.100001 15.100039
5.150002 15.100039
5.200002 15.100039
5.250002 15.100039
5.300002 15.100039
5.350002 15.100039
5.400002 15.100039
7.250010 15.100039
7.300010 15.100039
7.350010 15.100039
7.400010 15.100039
7.450010 15.100039
7.500010 15.100039
7.550011 15.100039
7.600011 15.100039
7.650011 15.100039
7.700011 15.100039
7.750011 15.100039
7.800012 15.100039
7.850012 15.100039
7.900012 15.100039
7.950012 15.100039
8.000012 15.100039
8.050013 15.100039
8.100013 15.100039
8.150013 15.100039
8.200013 15.100039
8.250013 15.100039
8.300014 15.100039
8.350014 15.100039
8.400014 15.100039
8.450014 15.100039
8.600015 15.100039
8.650015 15.100039
8.700015 15.100039
8.800015 15.100039
8.850016 15.100039
8.900016 15.100039
9.000016 15.100039
9.050016 15.100039
9.100017 15.100039
9.200017 15.100039
9.250017 15.100039
9.300017 15.100039
10.600022 15.100039
10.650023 15.100039
10.700023 15.100039
53.550003 48.750000
53.550003 48.750000
53.550003 48.750000
53.550003 48.750000
53.550003 48.750000
53.550003 48.750000
53.550003 48.750000
53.550003 48.750000
53.550003 48.750000
53.550003 48.750000
53.550003 48.750000
53.550003 48.750000
53.550003 48.750000
53.550003 48.750000
53.550003 48.750000
53.550003 48.750000
53.550003 48.750000
53.550003 48.750000
53.550003 48.750000
53.550003 48.750000
53.550003 48.750000
53.550003 48.750000
53.550003 48.750000
53.550003 48.750000
53.550003 48.750000
53.550003 48.750000
53.550003 48.750000
53.550003 48.750000
53.550003 48.750000
53.550003 48.750000
53.550003 48.750000
53.550003 48.750000
53.550003 48.750000
53.550003 48.750000
53.550003 48.750000
53.550003 48.750000
53.550003 48.750000
53.550003 48.750000
53.550003 48.750000
53.550003 48.750000
53.550003 48.750000
53.550003 48.750000
53.550003 48.750000
53.550003 48.750000
53.550003 48.750000
53.550003 48.750000
53.550003 48.750000
53.550003 48.750000
53.550003 48.750000
53.550003 48.750000
53.550003 48.750000
53.550003 48.750000
53.550003 48.750000
53.550003 48.750000
53.550003 48.750000
53.550003 48.750000
53.550003 48.750000
53.550003 48.750000
53.550003 48.750000
53.550003 48.750000
53.550003 48.750000
53.550003 48.750000
53.550003 48.750000
53.550003 48.750000
53.550003 48.750000
53.550003 48.750000
53.550003 48.750000
53.550003 48.750000
53.550003 48.750000
53.550003 48.750000
53.550003 48.750000
53.550003 48.750000
53.550003 48.750000
53.550003 48.750000
53.550003 48.750000
53.550003 48.750000
53.550003 48.750000
53.550003 48.750000
53.550003 48.750000
53.550003 48.750000
53.550003 48.750000
53.550003 48.750000
53.550003 48.750000
53.550003 48.750000
53.550003 48.750000
53.550003 48.750000
53.550003 48.750000
53.550003 48.750000
53.550003 48.750000
53.550003 48.750000
53.550003 48.750000
53.550003 48.750000
53.550003 48.750000
53.550003 48.750000
53.550003 48.750000
53.550003 48.750000
53.550003 48.750000
53.550003 48.750000
53.550003 48.750000
53.550003 48.750000
53.550003 48.750000
53.550003 48.750000
53.550003 48.750000
53.550003 48.750000
53.550003 48.750000
53.550003 48.750000
53.550003 48.750000
53.550003 48.750000
53.550003 48.750000
53.550003 48.750000
53.550003 48.750000
53.550003 48.750000
53.550003 48.750000
53.550003 48.750000
53.550003 48.750000
53.550003 48.750000
53.550003 48.750000
53.550003 48.750000
53.550003 48.750000
53.550003 48.750000
53.550003 48.750000
53.550003 48.750000
53.550003 48.750000
53.550003 48.750000
53.550003 48.750000
53.550003 48.750000
53.550003 48.750000
53.550003 48.750000
53.550003 48.750000
53.550003 48.750000
53.550003 48.750000
53.550003 48.750000
53.550003 48.750000
53.550003 48.750000
53.550003 48.750000
53.550003 48.750000
53.550003 48.750000
53.550003 48.750000
53.550003 48.750000
53.550003 48.750000
53.550003 48.750000
53.550003 48.750000
53.550003 48.750000
53.550003 48.750000
53.550003 48.750000
53.550003 48.750000
53.550003 48.750000
53.550003 48.750000
53.550003 48.750000
53.550003 48.750000
53.550003 48.750000
53.550003 48.750000
53.550003 48.750000
53.550003 48.750000
53.550003 48.750000
53.550003 48.750000
53.550003 48.750000
53.550003 48.750000
53.550003 48.750000
53.550003 48.750000
53.550003 48.750000
53.550003 48.750000
53.550003 48.750000
53.550003 48.750000
53.550003 48.750000
53.550003 48.750000
53.550003 48.750000
53.550003 48.750000
53.550003 48.750000
53.550003 48.750000
53.550003 48.750000
53.550003 48.750000
53.550003 48.750000
53.550003 48.750000
53.550003 48.750000
53.550003 48.750000
53.550003 48.750000
53.550003 48.750000
53.550003 48.750000
53.550003 48.750000
53.550003 48.750000
53.550003 48.750000
53.550003 48.750000
53.550003 48.750000
53.550003 48.750000
53.550003 48.750000
53.550003 48.750000
53.550003 48.750000
53.550003 48.750000
53.550003 48.750000
53.550003 48.750000
53.550003 48.750000
53.550003 48.750000
53.550003 48.750000
53.550003 48.750000
53.550003 48.750000
53.550003 48.750000
53.550003 48.750000
53.550003 48.750000
53.550003 48.750000
53.550003 48.750000
53.550003 48.750000
53.550003 48.750000
53.550003 48.750000
53.550003 48.750000
53.550003 48.750000
53.550003 48.750000
53.550003 48.750000
53.550003 48.750000
53.550003 48.750000
53.550003 48.750000
53.550003 48.750000
53.550003 48.750000
53.550003 48.750000
53.550003 48.750000
53.550003 48.750000
53.550003 48.750000
53.550003 48.750000
53.550003 48.750000
53.550003 48.750000
53.550003 48.750000
53.550003 48.750000
53.550003 48.750000
53.550003 48.750000
53.550003 48.750000
53.550003 48.750000
53.550003 48.750000
53.550003 48.750000
53.550003 48.750000
53.550003 48.750000
53.550003 48.750000
53.550003 48.750000
53.550003 48.750000
53.550003 48.750000
53.550003 48.750000
53.550003 48.750000
53.550003 48.750000
53.550003 48.750000
53.550003 48.750000
53.550003 48.750000
53.550003 48.750000
53.550003 48.750000
53.550003 48.750000
53.550003 48.750000
53.550003 48.750000
53.550003 48.750000
53.550003 48.750000
53.550003 48.750000
53.550003 48.750000
53.550003 48.750000
53.550003 48.750000
53.550003 48.750000
53.550003 48.750000
53.550003 48.750000
53.550003 48.750000
53.550003 48.750000
53.550003 48.750000
53.550003 48.750000
53.550003 48.750000
53.550003 48.750000
53.550003 48.750000
53.550003 48.750000
53.550003 48.750000
53.550003 48.750000
53.550003 48.750000
53.550003 48.750000
53.550003 48.750000
53.550003 48.750000
53.550003 48.750000
53.550003 48.750000
53.550003 48.750000
53.550003 48.750000
53.550003 48.750000
53.550003 48.750000
53.550003 48.750000
53.550003 48.750000
53.550003 48.750000
53.550003 48.750000
53.550003 48.750000
53.550003 48.750000
53.550003 48.750000
53.550003 48.750000
53.550003 48.750000
53.550003 48.750000
53.550003 48.750000
53.550003 48.750000
53.550003 48.750000
53.550003 48.750000
53.550003 48.750000
53.550003 48.750000
53.550003 48.750000
53.550003 48.750000
53.550003 48.750000
53.550003 48.750000
53.550003 48.750000
53.550003 48.750000
53.550003 48.750000
53.550003 48.750000
53.550003 48.750000
53.550003 48.750000
53.550003 48.750000
53.550003 48.750000
53.550003 48.750000
53.550003 48.750000
53.550003 48.750000
53.550003 48.750000
53.550003 48.750000
53.550003 48.750000
53.550003 48.750000
53.550003 48.750000
53.550003 48.750000
53.550003 48.750000
53.550003 48.750000
53.550003 48.750000
53.550003 48.750000
53.550003 48.750000
53.550003 48.750000
53.550003 48.750000
53.550003 48.750000
53.550003 48.750000
53.550003 48.750000
53.550003 48.750000
53.550003 48.750000
53.550003 48.750000
53.550003 48.750000
53.550003 48.750000
53.550003 48.750000
53.550003 48.750000
53.550003 48.750000
53.550003 48.750000
53.550003 48.750000
53.550003 48.750000
53.550003 48.750000
53.550003 48.750000
53.550003 48.750000
53.550003 48.750000
53.550003 48.750000
53.550003 48.750000
53.550003 48.750000
53.550003 48.750000
53.550003 48.750000
53.550003 48.750000
53.550003 48.750000
53.550003 48.750000
53.550003 48.750000
53.550003 48.750000
53.550003 48.750000
53.550003 48.750000
53.550003 48.750000
53.550003 48.750000
53.550003 48.750000
53.550003 48.750000
53.550003 48.750000
53.550003 48.750000
53.550003 48.750000
53.550003 48.750000
53.550003 48.750000
53.550003 48.750000
53.550003 48.750000
53.550003 48.750000
53.550003 48.750000
53.550003 48.750000
53.550003 48.750000
53.550003 48.750000
53.550003 48.750000
53.550003 48.750000
53.550003 48.750000
53.550003 48.750000
53.550003 48.750000
53.550003 48.750000
53.550003 48.750000
53.550003 48.750000
53.550003 48.750000
53.550003 48.750000
53.550003 48.750000
53.550003 48.750000
53.550003 48.750000
53.550003 48.750000
53.550003 48.750000
53.550003 48.750000
53.550003 48.750000
53.550003 48.750000
53.550003 48.750000
53.550003 48.750000
53.550003 48.750000
53.550003 48.750000
53.550003 48.750000
53.550003 48.750000
53.550003 48.750000
53.550003 48.750000
53.550003 48.750000
53.550003 48.750000
53.550003 48.750000
53.550003 48.750000
53.550003 48.750000
53.550003 48.750000
53.550003 48.750000
53.550003 48.750000
53.550003 48.750000
53.550003 48.750000
53.550003 48.750000
53.550003 48.750000
53.550003 48.750000
53.550003 48.750000
53.550003 48.750000
53.550003 48.750000
53.550003 48.750000
53.550003 48.750000
53.550003 48.750000
53.550003 48.750000
53.550003 48.750000
53.550003 48.750000
53.550003 48.750000
53.550003 48.750000
53.550003 48.750000
53.550003 48.750000
53.550003 48.750000
53.550003 48.750000
53.550003 48.750000
53.550003 48.750000
53.550003 48.750000
53.550003 48.750000
53.550003 48.750000
53.550003 48.750000
53.550003 48.750000
53.550003 48.750000
53.550003 48.750000
53.550003 48.750000
53.550003 48.750000
53.550003 48.750000
53.550003 48.750000
53.550003 48.750000
53.550003 48.750000
53.550003 48.750000
53.550003 48.750000
53.550003 48.750000
53.550003 48.750000
53.550003 48.750000
53.550003 48.750000
53.550003 48.750000
53.550003 48.750000
53.550003 48.750000
53.550003 48.750000
53.550003 48.750000
53.550003 48.750000
53.550003 48.750000
53.550003 48.750000
53.550003 48.750000
53.550003 48.750000
53.550003 48.750000
53.550003 48.750000
53.550003 48.750000
53.550003 48.750000
53.550003 48.750000
53.550003 48.750000
53.550003 48.750000
53.550003 48.750000
53.550003 48.750000
53.550003 48.750000
53.550003 48.750000
53.550003 48.750000
53.550003 48.750000
53.550003 48.750000
53.550003 48.750000
53.550003 48.750000
53.550003 48.750000
53.550003 48.750000
53.550003 48.750000
53.550003 48.750000
53.550003 48.750000
53.550003 48.750000
53.550003 48.750000
53.550003 48.750000
53.550003 48.750000
53.550003 48.750000
53.550003 48.750000
53.550003 48.750000
53.550003 48.750000
53.550003 48.750000
53.550003 48.750000
53.550003 48.750000
53.550003 48.750000
53.550003 48.750000
53.550003 48.750000
53.550003 48.750000
53.550003 48.750000
53.550003 48.750000
53.550003 48.750000
53.550003 48.750000
53.550003 48.750000
53.550003 48.750000
53.550003 48.750000
53.550003 48.750000
53.550003 48.750000
53.550003 48.750000
53.550003 48.750000
53.550003 48.750000
53.550003 48.750000
53.550003 48.750000
53.550003 48.750000
53.550003 48.750000
53.550003 48.750000
53.550003 48.750000
53.550003 48.750000
53.550003 48.750000
53.550003 48.750000
53.550003 48.750000
53.550003 48.750000
53.550003 48.750000
53.550003 48.750000
53.550003 48.750000
53.550003 48.750000
53.550003 48.750000
53.550003 48.750000
53.550003 48.750000
53.550003 48.750000
53.550003 48.750000
53.550003 48.750000
53.550003 48.750000
53.550003 48.750000
53.550003 48.750000
53.550003 48.750000
53.550003 48.750000
53.550003 48.750000
53.550003 48.750000
53.550003 48.750000
53.550003 48.750000
53.550003 48.750000
53.550003 48.750000
53.550003 48.750000
53.550003 48.750000
53.550003 48.750000
53.550003 48.750000
53.550003 48.750000
53.550003 48.750000
53.550003 48.750000
53.550003 48.750000
53.550003 48.750000
53.550003 48.750000
53.550003 48.750000
53.550003 48.750000
53.550003 48.750000
53.550003 48.750000
53.550003 48.750000
53.550003 48.750000
53.550003 48.750000
53.550003 48.750000
53.550003 48.750000
53.550003 48.750000
53.550003 48.750000
53.550003 48.750000
53.550003 48.750000
53.550003 48.750000
53.550003 48.750000
53.550003 48.750000
53.550003 48.750000
53.550003 48.750000
53.550003 48.750000
53.550003 48.750000
53.550003 48.750000
53.550003 48.750000
53.550003 48.750000
53.550003 48.750000
53.550003 48.750000
53.550003 48.750000
53.550003 48.750000
53.550003 48.750000
53.550003 48.750000
53.550003 48.750000
53.550003 48.750000
53.550003 48.750000
53.550003 48.750000
53.550003 48.750000
53.550003 48.750000
53.550003 48.750000
53.550003 48.750000
53.550003 48.750000
53.550003 48.750000
53.550003 48.750000
53.550003 48.750000
53.550003 48.750000
53.550003 48.750000
53.550003 48.750000
53.550003 48.750000
53.550003 48.750000
53.550003 48.750000
53.550003 48.750000
53.550003 48.750000
53.550003 48.750000
53.550003 48.750000
53.550003 48.750000
53.550003 48.750000
53.550003 48.750000
53.550003 48.750000
53.550003 48.750000
53.550003 48.750000
53.550003 48.750000
53.550003 48.750000
53.550003 48.750000
53.550003 48.750000
53.550003 48.750000
53.550003 48.750000
53.550003 48.750000
53.550003 48.750000
53.550003 48.750000
53.550003 48.750000
53.550003 48.750000
53.550003 48.750000
53.550003 48.750000
53.550003 48.750000
53.550003 48.750000
53.550003 48.750000
53.550003 48.750000
53.550003 48.750000
53.550003 48.750000
53.550003 48.750000
53.550003 48.750000
53.550003 48.750000
53.550003 48.750000
53.550003 48.750000
53.550003 48.750000
53.550003 48.750000
53.550003 48.750000
53.550003 48.750000
53.550003 48.750000
53.550003 48.750000
53.550003 48.750000
53.550003 48.750000
53.550003 48.750000
53.550003 48.750000
53.550003 48.750000
53.550003 48.750000
53.550003 48.750000
53.550003 48.750000
53.550003 48.750000
53.550003 48.750000
53.550003 48.750000
53.550003 48.750000
53.550003 48.750000
53.550003 48.750000
53.550003 48.750000
53.550003 48.750000
53.550003 48.750000
53.550003 48.750000
53.550003 48.750000
53.550003 48.750000
53.550003 48.750000
53.550003 48.750000
53.550003 48.750000
53.550003 48.750000
53.550003 48.750000
53.550003 48.750000
53.550003 48.750000
53.550003 48.750000
53.550003 48.750000
53.550003 48.750000
53.550003 48.750000
53.550003 48.750000
53.550003 48.750000
53.550003 48.750000
53.550003 48.750000
53.550003 48.750000
53.550003 48.750000
53.550003 48.750000
53.550003 48.750000
53.550003 48.750000
53.550003 48.750000
53.550003 48.750000
53.550003 48.750000
53.550003 48.750000
53.550003 48.750000
53.550003 48.750000
53.550003 48.750000
53.550003 48.750000
53.550003 48.750000
53.550003 48.750000
53.550003 48.750000
53.550003 48.750000
53.550003 48.750000
53.550003 48.750000
53.550003 48.750000
53.550003 48.750000
53.550003 48.750000
53.550003 48.750000
53.550003 48.750000
53.550003 48.750000
53.550003 48.750000
53.550003 48.750000
53.550003 48.750000
53.550003 48.750000
53.550003 48.750000
53.550003 48.750000
53.550003 48.750000
53.550003 48.750000
53.550003 48.750000
53.550003 48.750000
53.550003 48.750000
53.550003 48.750000
53.550003 48.750000
53.550003 48.750000
53.550003 48.750000
53.550003 48.750000
53.550003 48.750000
53.550003 48.750000
53.550003 48.750000
53.550003 48.750000
53.550003 48.750000
53.550003 48.750000
53.550003 48.750000
53.550003 48.750000
53.550003 48.750000
53.550003 48.750000
53.550003 48.750000
53.550003 48.750000
53.550003 48.750000
53.550003 48.750000
53.550003 48.750000
53.550003 48.750000
53.550003 48.750000
53.550003 48.750000
53.550003 48.750000
53.550003 48.750000
53.550003 48.750000
53.550003 48.750000
53.550003 48.750000
53.550003 48.750000
53.550003 48.750000
53.550003 48.750000
53.550003 48.750000
53.550003 48.750000
53.550003 48.750000
53.550003 48.750000
53.550003 48.750000
53.550003 48.750000
53.550003 48.750000
53.550003 48.750000
53.550003 48.750000
53.550003 48.750000
53.550003 48.750000
53.550003 48.750000
53.550003 48.750000
53.550003 48.750000
53.550003 48.750000
53.550003 48.750000
53.550003 48.750000
53.550003 48.750000
53.550003 48.750000
53.550003 48.750000
53.550003 48.750000
53.550003 48.750000
53.550003 48.750000
53.550003 48.750000
53.550003 48.750000
53.550003 48.750000
53.550003 48.750000
53.550003 48.750000
53.550003 48.750000
53.550003 48.750000
53.550003 48.750000
53.550003 48.750000
53.550003 48.750000
53.550003 48.750000
53.550003 48.750000
53.550003 48.750000
53.550003 48.750000
53.550003 48.750000
53.550003 48.750000
53.550003 48.750000
53.550003 48.750000
53.550003 48.750000
53.550003 48.750000
53.550003 48.750000
53.550003 48.750000
53.550003 48.750000
53.550003 48.750000
53.550003 48.750000
53.550003 48.750000
53.550003 48.750000
53.550003 48.750000
53.550003 48.750000
53.550003 48.750000
53.550003 48.750000
53.550003 48.750000
53.550003 48.750000
53.550003 48.750000
53.550003 48.750000
53.550003 48.750000
53.550003 48.750000
53.550003 48.750000
53.550003 48.750000
53.550003 48.750000
53.550003 48.750000
53.550003 48.750000
53.550003 48.750000
53.550003 48.750000
53.550003 48.750000
53.550003 48.750000
53.550003 48.750000
53.550003 48.750000
53.550003 48.750000
53.550003 48.750000
53.550003 48.750000
53.550003 48.750000
53.550003 48.750000
53.550003 48.750000
53.550003 48.750000
53.550003 48.750000
53.550003 48.750000
53.550003 48.750000
53.550003 48.750000
53.550003 48.750000
53.550003 48.750000
53.550003 48.750000
53.550003 48.750000
53.550003 48.750000
53.550003 48.750000
53.550003 48.750000
53.550003 48.750000
53.550003 48.750000
53.550003 48.750000
53.550003 48.750000
53.550003 48.750000
53.550003 48.750000
53.550003 48.750000
53.550003 48.750000
53.550003 48.750000
53.550003 48.750000
53.550003 48.750000
53.550003 48.750000
53.550003 48.750000
53.550003 48.750000
53.550003 48.750000
53.550003 48.750000
53.550003 48.750000
53.550003 48.750000
53.550003 48.750000
53.550003 48.750000
53.550003 48.750000
53.550003 48.750000
53.550003 48.750000
53.550003 48.750000
53.550003 48.750000
53.550003 48.750000
53.550003 48.750000
53.550003 48.750000
53.550003 48.750000
53.550003 48.750000
53.550003 48.750000
